10,287
10,233
10,283
10,149
10,67
10,25
10,267
10,309
11,28
11,26
11,16
11,2
11,3
9,5
9,1
9,7
9,2
9,3
8,13
8,6
8,4
8,17
8,7
8,2
8,3
12,2
18,1
18,3
14,1
193,510
193,509
193,508
193,507
193,506
193,505
193,504
193,503
193,502
193,501
193,500
193,499
193,498
193,497
193,496
193,495
193,494
193,493
193,492
193,491
193,490
193,489
193,488
193,487
193,486
193,485
193,484
193,483
193,482
193,481
193,480
193,479
193,478
193,477
193,476
193,475
193,474
193,473
193,472
193,471
193,470
193,469
193,468
193,467
193,466
193,465
193,464
193,463
193,462
193,461
193,460
193,459
193,458
193,457
193,456
193,455
193,454
193,453
193,452
193,451
193,450
193,449
193,448
193,447
193,446
193,445
193,444
193,443
193,442
193,441
193,440
193,439
193,438
193,437
193,436
193,435
14,11
193,434
193,433
193,432
193,431
193,430
193,429
193,428
193,427
193,426
193,425
193,424
193,423
193,422
193,421
193,420
193,419
